indices {
 "join288384935_in08": 73,
 "join288384935_in07": 53,
 "berthEDeparture12419760829_in08": 103,
 "exit3731514483_in08": 117,
 "total08": 191,
 "total07": 125,
 "nearestToBerthX_in08": {
  "d": 5.3,
  "index": 80,
  "nodeId": 1312776534,
  "wayId": 906161755
 },
 "nearestToBerthE_in08": {
  "d": 5.9,
  "index": 104,
  "nodeId": 12419760829,
  "wayId": 1342409930
 },
 "nearestToBerthH_in07": {
  "d": 11.3,
  "index": 58,
  "nodeId": 6778578830,
  "wayId": 720406632
 }
}

nightIsContiguousSublistOf08 true {"startIn08":26,"matchedLength":21,"nightTotal":27}
divergence {
 "lastSharedWay": 1338975833,
 "nightNextWay": 26359698,
 "throughNextWay": 1342409929,
 "sharedWayIds": [
  1342409930,
  1340739633,
  906161743,
  369356254,
  906161757,
  720406630,
  1338996611,
  720406627,
  1341529159,
  1340739632,
  1241264348,
  847288816,
  847288815,
  847288819,
  1342406125,
  1341518497,
  26380598,
  1239911940,
  26380597,
  1339040066,
  1338975833
 ],
 "lastSharedWayEndNodes": [
  288704759,
  288796885
 ]
}

=== 繝ｭ繝ｼ繧ｿ繝ｪ繝ｼ蛹ｺ髢・(蜷域ｵ∫せ288384935 竊・騾蜃ｺ轤ｹ3731514483)
  idx        nodeId       wayId   X    E    F    G    D    C    B    A
   73     288384935   906161756 106.7 93.6 87.2 81.9115.5130.6  126122.7
   74     288384935   720406629 106.7 93.6 87.2 81.9115.5130.6  126122.7
   75    9956759395   720406629  93.3 82.6 75.3 69.2105.2118.4113.4109.7
   76     288385100   720406629  90.7 80.6 73.1 66.8103.3116.1  111107.2
   77     288384937   720406629  70.4 66.3 56.9 48.6 89.7 98.6 92.5 87.8
   78     288384996   720406629  43.8 53.9 41.8 29.4 76.9 77.8 69.8 63.4
   79     288384996   906161755  43.8 53.9 41.8 29.4 76.9 77.8 69.8 63.4
   80    1312776534   906161755   5.3 58.6 47.8 37.6 73.4   56   44 32.9
   81    1312776534  1337353918   5.3 58.6 47.8 37.6 73.4   56   44 32.9
   82    8415001158  1337353918     7 58.7 48.3 38.8 72.6 53.8 41.7 30.3
   83    8415001157  1337353918  11.9 56.4 46.7 38.3   69 49.1 36.9 25.4
   84    1312776561  1337353918    16 53.4 44.2 36.9 65.2 44.9 32.7 21.3
   85   12386096960  1337353918  22.2 48.5 40.2 34.6 59.1 38.6 26.5 15.5
   86   12386096960  1339035467  22.2 48.5 40.2 34.6 59.1 38.6 26.5 15.5
   87   12387342929  1339035467  35.4 39.7 34.4 33.6 46.7 25.6 14.3  7.9
   88   12387342929  1339150560  35.4 39.7 34.4 33.6 46.7 25.6 14.3  7.9
   89   12369534180  1339150560  47.2 34.5 33.2   37 36.4 14.8  7.9 14.3
   90   12369534180  1341526745  47.2 34.5 33.2   37 36.4 14.8  7.9 14.3
   91   12409319217  1341526745    60   33 36.5 44.1 26.7  7.9 15.1   26
   92   12409319217   906161758    60   33 36.5 44.1 26.7  7.9 15.1   26
   93    1312776546   906161758  63.3 33.4   38 46.4 24.7  8.7   18 29.2
   94    8415001155   906161758  66.2 33.5   39   48 22.7 10.7 20.8 32.1
   95    8415001156   906161758  68.5 32.4 38.8 48.5 19.8 13.7 23.8   35
   96    1312776537   906161758  69.2 30.4 37.5 47.7 17.3 16.2 25.7 36.6
   97   12419749370   906161758  71.1 17.7 28.1 40.7  7.7 29.8 35.9 44.4
   98   12419749370  1342408590  71.1 17.7 28.1 40.7  7.7 29.8 35.9 44.4
   99    1312776569  1342408590  71.8 15.9   27   40  8.1 32.3 38.1 46.2
  100    8415001154  1342408590  70.4 12.7 24.1 37.3   11 34.1 38.9 46.3
  101    8415001153  1342408590  67.3    9 20.3 33.5 14.9 34.8 38.4 44.9
  102    1312776563  1342408590  63.4  6.2   16 29.2 19.1   35 37.1 42.7
  103   12419760829  1342408590    61  5.9 13.7 26.7 21.4   35 36.3 41.2
  104   12419760829  1342409930    61  5.9 13.7 26.7 21.4   35 36.3 41.2
  105   12401906268  1342409930  49.6 14.1  6.4 15.2 33.2 37.6 34.6 35.9
  106   12401906268  1340739633  49.6 14.1  6.4 15.2 33.2 37.6 34.6 35.9
  107    6778578832  1340739633    37 27.9 15.9  7.1 47.4 44.9   38 34.5
  108    6778578832   906161743    37 27.9 15.9  7.1 47.4 44.9   38 34.5
  109    1312776557   906161743  28.6 38.6 26.2 13.7 58.2 52.6 43.8 37.4
  110   12369534181   906161743  27.6 40.8 28.3 15.5 60.6 54.8 45.8   39
  111    8415001151   906161743  28.5 41.9 29.3 16.1 62.2 57.2 48.3 41.5
  112    8415001152   906161743  30.5 42.5 29.8 16.3 63.4 59.6 50.9 44.3
  113     288384997   906161743  46.2 44.7   33 21.8   68 71.6 64.6 59.7
  114     288384997   369356254  46.2 44.7   33 21.8   68 71.6 64.6 59.7
  115     288385010   369356254  52.8 47.4 36.6 26.9   71   77 70.6 66.1
  116    9956759396   369356254  94.5 77.2   71 66.5 99.1114.6110.4107.6
  117    3731514483   369356254 106.7 87.9 82.5 78.5  109126.1122.3119.8

wrote C:\Users\yamam\OneDrive\繝峨く繝･繝｡繝ｳ繝・GitHub\chidori-route-trainer\evidence\route18-akemi-takasu-implementation-2026-07-26\_rotary_order_analysis.json
